
1.25 1.0 0.0 0.0 n
0.303 0.0 1.0 0.5 n
1.25 0.0 0.0 1.0 n
10.1 0.0 0.0 0.5 n
6.690 1.0 1.0 0.0 n
1.56 0.5 0.0 0.5 n
1.56 1.0 0.0 1.0 n
1.56 1.0 0.5 0.5 n
0.739 0.0 1.0 0.5 n
8.28 0.0 0.5 1.0 n
2.41 0.0 0.5 0.0 n
10.1 0.0 0.5 0.0 n
0.739 1.0 0.5 0.0 n
4.27 1.0 0.0 0.5 n
10 0.0 0.5 0.5 n
10 0.0 0.0 0.0 n
4.27 1.0 0.5 1.0 n
4.27 0.5 0.5 0.5 n
10 0.5 0.0 0.5 n
10 0.5 0.5 0.0 n
10 0.0 0.0 0.5 n
10 0.75 1.0 0.75 n
10 0.75 0.5 0.5 n
10 0.0 0.75 0.5 n
10 0.0 0.5 1.0 n
10 0.0 1.0 0.75 n
10 0.0 1.0 0.0 n
10 0.0 0.75 0.25 n
10 1.0 0.25 0.5 n
10 0.0 0.5 0.5 n
10 0.0 0.0 0.0 n
10 1.0 0.5 1.0 n
10 0.5 0.5 0.5 n
10 0.5 0.0 0.5 n
10 0.5 0.5 0.0 n
